01100001101111001110011000011011101111000001000100100001100000101100101101100001100100011010101001100111000111100001001011110000110101101001101001010011001000011011001001110111111001100001000000000100
0100011110100101100110100111010110000011100111001101010000000110110101001010011101010000101000110111101100011010010011100111001001000110010010100111010100
01110010101000111100010110110101111010101101000011011010011110000001001100101110011101001010001000001100000100100000010010111100100011110100001011111111111010001100001111110110111110010010011111
10101000110110000001010000000000111001000010001000011010111110101110010111000101101011000000100000010100111100010100111010001001000100110111101010101110010110011101100001001000000110110001010111011011
01001011010011100100110101101110101100110000111100001011101111000111000100111001100011001011111010101110000011101011011010010110011000100001101101100001000001101011001100110110101001
10101001100110110011110111000001010001111100000111001010011010101110000100011111010110110001001001111100000101011011110100110000101001001101011011110001100100111010100111011111110001000010000000001000
01011111000000110100010100110001100110001000111010101111010110111010101100111010001011001100001100001011100110010001010001011111010100011001001110101111110000110111000110001000000001000101010111
11000100101011011001101101000100001010100000011001111000010010110010001110101010110011110000011110100110100001010100000100101101110111000000011111001010100111010111101001001011110101010100101101101001
010000010001101000010110000100011100111010101101101110001011101101001011101001000100100111001100100010111011111101001000100101000101100000110011000001000000111000011100
00001110100110011111100100011110110010100101101010000110110100001001001110100001010110110010001001100101000010110100001010000000111001010000111001001111000110111110011010101110100011010100001010000010
010001100001100100011001110011001001111000000101101010001010000100110001110000011110010101000000100000100100010010010101000101110101111100101001011011001110000010010111001000011010011101101100100
11101000011000001110010000100000010111010010010000111111101001001000011111100101111010111011101111110101101000011001011011001111001010011101000100001110011000010001100000011110001000110000100110110011
0100101100101100100111101010001011101110100010100100000111011100110111110100110000111000000000011100001111001101010101001100000110001111001010011010000000010000011010101100111000111001
10100010100000100001000111111100100111000100111000000111000010110100010000001010000010000110101101011110110111010010110011011100000110011111010111110010110111000101101101100000111010111100100001011100
100010010000101001110011100000011101100011111000111100001000010000111110100000010111000101011110000001101001011110000101101100100000001100100000001100001000100101110100100001011111101101110010100
00101100111000101010011010001010000100000101001100000010110100000110100001010110111000011100000010000000100110000100100000101100000010011010100001011100000010011111100101010000001000100001110101001100
10000011101000110100001100100101011110100110000010110000010010000001000110001010011011100101001010100110000111011000110011110000000100100001110110100010111001101100100101100000010100
11100010110100100110100100001011001100010001110101000110110000001111100010000001110000110001110011100100101101011011100010100001011010101111000110101001110101111000000111101001100111101000010000101010
001110011100111001001100011100011000010110110001101100001101000000011101111011000001011000001001110110101100101001100101010001111011110010111111101100011010011010011110
01111000001011011010110100110010001101101011000100010010100001110000100011100100001100101000110100000101011010000000011001011111000001100010010000010110110110111000010100011011010011000011101111001000
1000101000011110111111100011111001001111010000010011111011101100100101001111100010110100000100101100111100000101101001000011011110000100101110100011111011011010011100010001000101110000100
01001001000101101100010100001111011001101100010101000011101100111101000101100101100010000000010000000000110011101111110001001100011111000000001011101010000101100000110010100100100000100101010010001011
101111101011011100110001100001101011000010000001100101101011011111111111100100001101000101100000010001011100001000000000100110100000100100
00010000100101000100101100011001100000100010100101011100011010011011010011010000100111111110111001000011110100010001101101000110001000110000010101100111001011011101101000101001001110111010010010001111
001100110001100000000000100010110100011000111001001100010100110100100101110011000001001110000111001110010000010111000110000000011001010111001011101100011010110001100011101100111000101111101101
11110000110100101101010001101001010010010000000010100010101110010100100101100001001011110000100011001100110110101111011000001000101001011001010011010000010100111100101110110110000101000100110010000011
111000001000011010100000011101001001000110110101010100001000100110100010010000111011100010100111000110001111011010011010100100111100000011101110111100111011100011000011100001000101
01100000110010101110010011100110100001000010001100010111000010000000011000111000011001010001001001101100011010100111001001011001001100000001011111001111100010100100111100100010111100000001000100111111
0000001000110110100001011100011001001000100010000001110010000111110101001010110001100100110001011100011011110000000110010100111000111011100001111000100101100100010100000101001010111011100011
011011111011010110111000111000110100010010111100011010001011000110110001000111000001100010000011011111111001010111000111110010010100110010000010110110010001100101010110110110000111110110100101011011
01111100001010100010110110010000010110000110101010001101000100110100100111001000100010110001000010000000011101000110001101101101001000011011010011010111111111100000000010100100111101011010100110001
0001100101100111111011000100100100100100001000111011000100001000101101000000100000001010101110100001110110100011010011011111000000110010010110001000011010010101110001011000001111000100010000100100000
10100001111010100000111100011010010101000111001010100010111001001100101111101000110100000100011110001111100100101100000011110010100101010100111011001010000111
00101010011000000000100101000111100000100000100100100001110010100111000111011101000011100111000001110011110011110011110111010010100110100001101001010111000101100100100011110010100001011011011101101101
0111101100011100010001000000111010101010111001001010000011010000010111010010011110100000010110100001000010011110001000011111000111001010101110111011010000001001110101010010010
11011100111001010111111000010111001111100101111011110001010001001000001001100110000111110000011000001010100010111001111101011110000000000000000000011110100011010110101111000001100111100110001010110111
000001111110000101001101101101101000010001111010001010000101011100100000010011111110100010010000010000010100000000000100011000010100000000001000000001010010000010010011111101011100000100111
01110011101000110010000100010000111001010010000011000111010000111100001011010100010111101010100001110100001110111110001010000010000010000011000111101001111001101100000001011100010110100110111111
00101110111011100001000100011010110100011110101110100000000101100011000100001001101110110101010011001010001011101000101010110101001111100101011001000101011000000011011011100110011001000010111100010
1001101000110110010110000110110001110101000100001011000100010100100001101111001000000010010100000001011111100010101110001001000001011000010001100010111110100000100100111110011101010011101
0100000111011101011000111110101110000001000111101111110011010001110100001011000100011111100000000100110001011010011110110101001011001001110001100001110110000100110010011101011101110000101011101000
010100010011011001010000110001101111010001001001001000101111001100010010010000000101000110010010001100011111110110011101011010101000110110011100011001010000010000110
010100000010010101000100101111110000101111000000101111001111100100010110100110100101001100001001000111010100011011001000000111010100100101110100001010010000000010100011110011011001110001001001101011
010000001000111010011101001100011001100110010000000000000010000000010101100011101000000100100100010001010100111000000001110011011000101100101100001100010011101000101101000011001111110001000001
00110111000011001101101100011000001011010000101111001111010000000000010011100001001101110001000000100000000011000101100000111010011100000010000000011110100111100100100100110101011001100100000110010101
010000010101101000001100000110101111010000111101010010110101101101111110110100010101101110110000010101000001001101001110000001001010010000001110000001110010011010000000010000101010100100111111111
0100000001010001100110100010011101100001000011001010100011010001001101011011011100000101000010001000000010101100101000010000000000100110100101001110101011100100101000001000110101100011000001100
0100101010001000010001100000000101011101011010101011001010001000110111000110010000100010001110101101000000000101010101110101011100010111011001010010000010000101001001011100100110101110011011010
00011010100000101111100101100001011100010100000100100000101000001100000000111100010010000101000001101000111100110011000101101000011000110110110001111011101001110110001001001100100010111001111
01111110101000010110101100010010100100100011001000011101000100000011101100100001011111010011100110100000010001010001111100010110100101011010001000100110010001011010110111001001001101011011000100111
00111100010110101000
10101010100100000101
01110010111010101100
00111000001110011000
00011001000000010011
11100000101001101010
01100001000101000011
10111011101001010000
01010111101000000000
01000111000100000001
00100011000100001001
00111110011111101111
00010100001110100000
11110001101010100101
10100111011110101001
00111011100000100101
00001000011110001101
01000110001110000110
11100101001101011011
11111001011101110001
00111100001110110100
10000100101101101000
00000011110111111100
10101001010111010001
01000100100010100100
10011000101011001001
00001011000110010100
10001001011100011100
11001101110011011010
00100000100010110001
10000111001011100001
00110100001001011010
00010010001011000100
01100111011000101111
10000001000101010101
00000011000100001101
11101111010001000100
00100101001010010011
00000011111100010001
11010100011001000101
00100110011101010010
01100000010011011101
10000001000011000011
11001010100010010010
01000001000011010001
10110111011111101000
10001000010100111100
10110000010001110000
01111100110000110010
11000011110010011101
00011000001001010001
01100011000000110011
01001110001010011110
01000110101110010100
01101000101100111011
00011000111000000000
01100110000110010000
11001001001100111101
00111110100100010001
10101101000111001110
01100010100101001001
10001111000011000000
00110110010111001001
01011101000111000010
10011010111000010000
01000010011101110001
11100010000001001000
11110000001101110010
00101011010001010110
01110100001110100001
11001001100110010110
01010011100011010011
10010111001101111110
11100110101000001110
00100111011101100001
01100100001011001000
01001100010000011100
01010100001000010101
10010010111011000011
10100001000010000100
11100100100011110001
11000100010101011100
11010000010010011011
10011000111100111110
01000101110100011010
01111000011000001101
10100110000000110111
00000001011000000000
00100111010100101100
11101001110110001000
10010111111111101100
10100000101111010010
10001010101010111010
10011100110001001000
10001010001101110011
10001110101000111000
10100001000111100101
01010100111110110000
01000011001001000111
01100010010110011000
11000011001001110110
11101011101010110010
01101010111000100001
00010100011011110001
10110100001100010010
00000111111110000101
01000000110110110011
01111010010001100001
01110110001000001011
10111010100000101100
01011100110110010100
11011111000101001000
01000110001110010100
11010000000010100110
01001110111010001010
00110011111000001111
01101011001001101101
01100100100001001011
11100110000100100001
01011001011111110101
01001010011101010101
00100100000000001010
10000010110101000000
01001001100001011100
00011010010000110100
01001100100111010100
00000110111111001110
11111101011000110011
11001001101010000110
11101110100101000101
00110101100000000100
00010000100101010101
01110111011011100100
00100010111111010101
10001010100001000001
11110111100110001010
01011100110010101101
10000101100101000100
10000111010010000001
01101110000011001000
00101000101100011011
01000011101110011000
01101011000000110111
11110101101011110111
00001110111100111101
00100110110000101000
00011011110000100110
10001010000100001100
00110011110010011010
10111011100110010010
01101111110101110000
00110110010001011110
00001101100000000000
00101101110101011111
10101000110000010100
10101010010100101001
01110011111110100000
11010011010001101111
10100101101110010011
00101010010000000011
00110111000101101001
11011010100100101011
10111000110000110111
00100100010101110000
00110110101001111011
11010000110110011000
00111100110100011110
10000110000000001100
00000000011110111011
00000111000100111011
01100111001001110001
10110010000100011100
00010000000000110100
01111100000100011011
10000111010110000100
01011011110001110101
00110100101000001011
00110000111010010000
01010100011000000100
01010100111001011111
10101011000000010101
00100110000100000000
01110010110101001011
01111101000111000001
11000000010001101110
10100000001000010001
10010000010100010001
00111001001111011001
11110000011001011110
10010010011011100111
11000010100000000110
10110000110000001000
01100101001111111110
00101100000011010001
01100011111000110010
00011000000000001010
01010010010111000110
00111010011001011000
00000000000110111100
00111100111111001110
00111111000001010110
10110000011110100100
11000001010000000010
11011010101101011101
00101000101001000000
01111001011101010010
10111110010000100111
10001001010010011000
00001000001110101111
00111000101000101100
11011001111101101110
01100001001101101100
10000010011010001111
00100011011010110100
01100001001100010010
00011101100001000110
00000000110011011111
11010011000010011100
00010110110011111100
00011101000011001001
10101010010000000001
00101100111001000010
10100000010001000110
00101001011010110011
11010100101010110100
00011001101110010000
01110111001100010011
00011100010011011011
11010010100101000100
10011110110100010110
11001010000011100110
10000100010101110001
10110010000001101000
01111101001000110001
01011011101100000100
10110010100000101001
00100010101101110001
10100100011010100010
01010111100011101011
01010010001000110111
00101011110011010000
01001001001001010000
10010000000010101000
10000111000011000100
00101000100111010000
10101100111001001010
11100000010011101110
10010101101101000010
00110001111110100010
01101010010110101101
00001111001100101101
01100100011000111110
01110001111000101100
11100001010011100000
01011110010111111110
01001100101000010110
00011100110010001101
10101000010001111000
00000001011110101011
11011001101000000001
00110000001000100000
01011011101101100010
10000000101001001001
01011101100000010001
01011101101101101010
01100000010110110100
01000101010110000101
01000101101111001010
10101101100111111101
00000010011000000011
01001101000000001001
10100110010000010010
00110010101001101111
00011111110001001000
00101111111101100100
01011000110001100000
10001101100011011000
11010110111000000001
10100000000100100111
11000101010110010111
01111110010101001001
11111001111111001001
10000001010010111010
00010000101000100000
00000111001111000000
00000101010111000100
01110100011100110100
00010000100110000011
11110100000100111110
10011110000101101100
11110000001001000110
01110100011011010001
11000000110100001101
10100000010001011010
11001001001000100000
01100010101110001110
10001101101010101110
00100001011110010010
11001101010010101011
00000000100101100101
10011001111011111010
11000000000000001001
10000011000001100111
01111001000111010011
00111111001011100101
00100011000110000001
01000011110000011011
01000111010100101011
00001001100000001100
11110100100010011101
10100000010000010000
11001010110110011011
11001100101100110001
11100010110101101110
01011000010110110100
10111100000000011011
11101100010001000100
10011100001000100011
11000111100111000110
11101101111011010010
11101111000000010100
10011001111000001001
00000001010001110000
01111101000110000000
01011101110110100100
10101111100001110100
11000010000111011101
01000011011011101111
00001001011001110001
00111001001110101001
11110101101011111100
10111000000000000000
01000000000100000100
00100011101001001110
01100110001000101000
01010011011000100110
01011110100001000110
10101100100001011000
10011100111000010100
10110000010111010001
10000001100001010001
00001111001010110011
01001000010110101100
00010110001100011000
00011110010101010010
11010010101111101001
01000011001001001001
00010000001010100111
01100001100000010011
00101010010001001100
10000000011001010011
01110110010100110011
10011010100111100001
00011111110101100010
10101110011101110100
10100011100101011000
11110101110110100010
00000001101000000101
10111010011001101101
01100110110010101101
00100000101100111010
11100111100001111000
10001000100011001010
10011011011011100110
10001010101001001101
10010000111010101110
00000000100110001100
10101100101001001001
00010001011010101101
00001111011010100110
00001000111100011101
00001000101100001110
00010110011111101011
01010101001110101101
11100110110111111011
00110010010100000101
00010110010010100000
11000110010100000111
10110000111110110111
10100100001000111111
01000110001111110111
11010010011101000001
01010101110101011101
01100000011100010001
01011110110010101100
11100011010110000011
11100011100000101010
10010100100100000100
00010001011101000001
00001101111010000010
00001101011001110011
11110000100110000101
00010100100010101101
01010111000110110101
00000010010011000101
01000100000100010001
01010000000111110001
00110000010001111110
00100111100010010010
10001000000011000111
01000111100001010001
11100100101010000001
11001101001100000100
01001111000100001111
10010100001011000101
01010011010010100010
10011100011000011111
01100110110100111101
01111100000110000111
10100001110110101111
10101100011101000110
10001000010011001011
01111110001101000001
11100101000011001000
00010000100000001011
00000000000000011100
10011110000011011000
01010011101001000101
01000111100101000000
01000110101000010000
00011010110011010111
00000011010110010010
11100010001100010001
00111001110100101000
00010111001000011011
10010010111110011101
01100001010011110010
10011001000010001100
00101010000100110011
00111110100011001011
10001100000001110010
01001000110011000001
10101100001101110111
01100100001100001011
10110001010110000101
00000110010101011010
10100010001100111000
00001100110000011000
10110111100110011000
01110110010101111011
01000110000010001010
11001010010000010101
10100011101001100100
00111001010110101111
01001011101001011110
10001100101010000000
10011111011000100010
10010111010110000001
01110111100101110010
00111010000001110100
01000101001110001101
11001111011100010110
10000011100011000011
00000100110011111000
01011111110001000010
00100100000110100011
11100110100011001110
11100110110011011110
01011100110110010011
10111000100011100000
10010010011000000101
11111000011011101000
11100111011001111101
00111101110110011001
00100110100010110000
01101011000000111110
11000111000100111110
11001000101111000100
01010010100110100000
10000010011101001000
11101100001101000011
00101111111001111011
00010100001010101000
00101101001111100111
11000001000010000011
11001010000001110101
00101011010001010000
00011110010010101000
11100001000100011101
01100001011011000011
11000101010110100001
00010001000000001001
01101100111001000101
01010000001101101001
00000111111011100111
10000101111110100011
10001001000000100011
01011111000000001111
00000010010010001011
10001101100110000111
11000110010101001100
10110110111101101001
00011010001001100000
11110011011101111000
11001011100101110000
01110001010101110011
00100100000101010010
01000010001100001000
11001110010110010011
00001111000100101111